343 8 500 0 6 -12851 1 55 0
344 12 903 742 6 -24 1 55 55
345 12 609 742 -6 24 1 51 55
346 8 500 0 -6 -12851 1 60 0
347 8 742 0 6 -12851 1 55 0
348 8 1100 0 24 -12851 1 60 0
349 8 903 0 -24 -12851 1 60 0
350 12 500 742 6 -24 1 51 51
351 8 500 0 6 -12851 1 60 0
352 8 742 0 -6 -12851 1 55 0
353 8 903 0 24 -12851 1 55 0
354 8 1100 0 6 -12851 1 55 0
355 8 1100 0 6 -12851 1 55 0
356 12 500 742 6 -24 0 51 51
357 8 609 0 24 -12851 1 55 0
358 8 609 0 -6 -12851 0 60 0
359 12 609 742 -6 24 0 51 51
360 8 609 0 24 -12851 1 60 0
361 8 609 0 -6 -12851 0 55 0
362 8 609 0 6 -12851 1 55 0
363 8 1100 0 -24 -12851 1 55 0
364 8 500 0 -24 -12851 1 60 0
365 12 609 742 -6 24 0 55 51
366 12 1100 742 6 -24 0 55 51
367 8 1100 0 6 -12851 0 60 0
368 8 500 0 -6 -12851 1 60 0
369 8 1100 0 6 -12851 1 55 0
370 8 609 0 24 -12851 1 55 0
371 12 742 903 -6 24 0 55 51
372 8 500 0 -24 -12851 0 60 0
373 12 500 742 6 -24 0 51 55
374 8 742 0 -24 -12851 0 55 0
375 8 903 0 -24 -12851 0 60 0
376 8 742 0 -6 -12851 0 60 0
377 8 903 0 24 -12851 1 60 0
378 8 742 0 -6 -12851 0 60 0
379 8 903 0 -24 -12851 0 60 0
380 12 742 1100 6 -24 1 51 51
381 12 1100 742 6 -24 0 55 51
382 8 500 0 24 -12851 0 60 0
383 8 500 0 24 -12851 1 60 0
384 8 1100 0 -24 -12851 0 60 0
385 8 903 0 -6 -12851 1 55 0
386 8 742 0 -6 -12851 0 60 0
387 12 903 742 6 -24 0 51 51
388 12 742 500 6 -24 0 55 51
389 12 903 742 -6 24 1 55 51
390 8 1100 0 -6 -12851 0 60 0
391 12 742 1100 6 -24 1 55 55
392 8 500 0 -6 -12851 0 60 0
393 8 903 0 -24 -12851 0 60 0
394 12 742 903 -6 24 0 55 51
395 12 742 1100 -6 24 0 51 55
396 8 609 0 -6 -12851 1 55 0
397 8 742 0 -6 -12851 0 60 0
398 8 500 0 6 -12851 0 55 0
399 12 742 609 6 -24 0 55 55
400 8 609 0 24 -12851 1 55 0
401 8 742 0 6 -12851 0 60 0
402 8 903 0 24 -12851 0 60 0
403 8 1100 0 6 -12851 1 55 0
404 8 609 0 -24 -12851 0 55 0
405 12 609 742 -6 24 1 51 51
406 12 742 903 -6 24 0 51 55
407 8 609 0 6 -12851 0 60 0
408 8 609 0 24 -12851 0 55 0
409 12 1100 742 6 -24 1 55 55
410 12 500 742 6 -24 1 51 55
411 8 903 0 -6 -12851 0 60 0
412 8 609 0 6 -12851 1 60 0
413 8 1100 0 -6 -12851 0 55 0
414 12 742 500 6 -24 0 55 51
415 12 1100 742 6 -24 1 51 55
416 8 500 0 6 -12851 1 60 0
417 12 903 742 6 -24 1 51 51
418 8 742 0 6 -12851 0 60 0
419 8 500 0 -6 -12851 0 55 0
420 8 903 0 -6 -12851 1 55 0
421 12 742 609 6 -24 1 55 51
422 8 903 0 -6 -12851 1 55 0
423 12 742 500 -6 24 1 55 55
424 12 742 1100 6 -24 0 51 51
425 8 609 0 -6 -12851 1 55 0
426 12 742 903 6 -24 0 55 51
427 8 742 0 24 -12851 1 55 0
428 8 500 0 -24 -12851 0 55 0
429 8 1100 0 -24 -12851 1 60 0
430 12 500 742 6 -24 1 51 51
431 8 1100 0 -6 -12851 0 60 0
432 8 742 0 -6 -12851 1 60 0
433 8 500 0 -24 -12851 1 55 0
434 12 903 742 6 -24 1 51 55
435 8 500 0 24 -12851 0 60 0
436 8 742 0 -24 -12851 1 60 0
437 12 742 500 6 -24 1 51 55
438 12 903 742 -6 24 0 55 51
439 8 500 0 24 -12851 1 55 0
440 12 742 500 -6 24 0 55 55
441 12 903 742 -6 24 0 51 55
442 8 742 0 6 -12851 1 60 0
443 8 903 0 -24 -12851 1 60 0
444 8 500 0 24 -12851 1 55 0
445 12 609 742 6 -24 0 55 55
446 12 903 742 6 -24 1 55 51
447 12 742 609 6 -24 0 55 51
448 12 742 609 6 -24 1 51 51
449 12 1100 742 6 -24 0 55 51
450 12 500 742 6 -24 0 51 55
451 8 903 0 -24 -12851 1 55 0
452 12 500 742 -6 24 0 55 51
453 8 903 0 -6 -12851 1 60 0
454 12 742 500 -6 24 1 51 51
455 8 742 0 -6 -12851 1 55 0
456 12 1100 742 6 -24 0 51 51
457 8 1100 0 -24 -12851 0 60 0
458 12 742 609 6 -24 0 55 55
459 12 1100 742 6 -24 0 51 55
460 8 1100 0 -24 -12851 1 55 0
461 12 500 742 6 -24 0 51 51
462 8 609 0 24 -12851 0 55 0
463 12 500 742 6 -24 1 51 55
464 12 742 903 -6 24 0 51 51
465 8 609 0 24 -12851 1 60 0
466 8 609 0 24 -12851 0 60 0
467 8 1100 0 24 -12851 0 60 0
468 8 609 0 -6 -12851 0 60 0
469 8 609 0 -24 -12851 0 55 0
470 12 500 742 -6 24 0 55 55
471 12 609 742 -6 24 1 51 51
472 12 742 903 -6 24 0 51 51
473 8 500 0 6 -12851 1 55 0
474 8 1100 0 -24 -12851 0 55 0
475 8 500 0 24 -12851 1 60 0
476 8 742 0 -6 -12851 0 60 0
477 8 903 0 6 -12851 0 55 0
478 8 742 0 -24 -12851 1 60 0
479 12 609 742 -6 24 1 51 51
480 8 903 0 24 -12851 1 55 0
481 12 903 742 6 -24 0 55 55
482 12 742 1100 6 -24 1 55 55
483 12 500 742 6 -24 1 51 55
484 12 500 742 -6 24 0 55 55
485 12 742 500 -6 24 0 55 55
486 12 742 609 6 -24 0 51 55
487 12 609 742 6 -24 1 55 55
488 8 609 0 6 -12851 1 55 0
489 8 500 0 -24 -12851 0 55 0
490 8 742 0 -6 -12851 0 60 0
491 8 609 0 -24 -12851 1 55 0
492 8 1100 0 -24 -12851 0 55 0
493 12 742 1100 -6 24 1 55 51
494 8 903 0 6 -12851 0 55 0
495 8 1100 0 -6 -12851 1 60 0
496 8 903 0 -24 -12851 0 55 0
497 8 903 0 -6 -12851 1 60 0
498 8 609 0 -24 -12851 0 55 0
499 8 1100 0 -6 -12851 1 55 0
500 12 1100 742 -6 24 0 55 55
501 8 1100 0 24 -12851 0 60 0
502 8 500 0 6 -12851 1 60 0
503 8 742 0 24 -12851 1 60 0
504 8 609 0 -6 -12851 0 60 0
505 8 609 0 -24 -12851 1 60 0
506 8 1100 0 6 -12851 0 60 0
507 12 1100 742 6 -24 1 51 55
508 12 742 1100 -6 24 0 55 55
509 12 742 1100 6 -24 1 51 55
510 8 742 0 6 -12851 1 55 0
511 8 500 0 24 -12851 1 60 0
512 12 742 609 6 -24 1 55 51
513 8 903 0 -6 -12851 0 60 0
514 8 742 0 24 -12851 0 60 0
515 12 742 609 -6 24 1 55 55
516 12 1100 742 6 -24 0 55 55
517 12 742 500 6 -24 0 55 55
518 8 500 0 6 -12851 1 60 0
519 8 903 0 -24 -12851 1 60 0
520 8 1100 0 -6 -12851 0 55 0
521 8 1100 0 6 -12851 1 55 0
522 8 500 0 -6 -12851 1 60 0
523 8 742 0 6 -12851 0 60 0
524 8 609 0 6 -12851 1 55 0
525 8 1100 0 6 -12851 0 60 0
526 12 742 609 6 -24 0 51 55
527 12 609 742 6 -24 0 51 55
528 8 1100 0 -6 -12851 0 60 0
529 8 500 0 -24 -12851 0 55 0
530 12 903 742 6 -24 0 51 51
531 8 609 0 24 -12851 1 60 0
532 8 500 0 -6 -12851 0 60 0
533 8 903 0 -6 -12851 0 55 0
534 8 903 0 24 -12851 0 55 0
535 8 903 0 24 -12851 0 60 0
536 12 903 742 -6 24 1 55 55
537 8 742 0 24 -12851 1 55 0
538 8 609 0 6 -12851 0 60 0
539 8 742 0 24 -12851 1 55 0
540 8 500 0 24 -12851 0 55 0
541 8 500 0 -6 -12851 1 60 0
542 12 903 742 -6 24 0 55 55
543 8 903 0 -24 -12851 0 60 0
544 12 742 1100 -6 24 0 51 51
545 12 1100 742 -6 24 0 51 51
546 12 742 500 6 -24 0 55 51
547 8 500 0 6 -12851 0 55 0
548 12 609 742 6 -24 1 51 55
549 8 609 0 6 -12851 1 60 0
550 8 609 0 24 -12851 1 55 0
551 12 742 609 6 -24 0 51 55
552 12 742 903 6 -24 1 55 55
553 8 742 0 -24 -12851 1 55 0
554 8 1100 0 -24 -12851 1 55 0
555 12 742 1100 -6 24 1 55 55
556 8 1100 0 6 -12851 1 55 0
557 8 609 0 6 -12851 1 60 0
558 12 742 903 -6 24 1 55 55
559 12 742 500 6 -24 1 51 55
560 12 609 742 6 -24 0 51 55
561 8 500 0 6 -12851 1 60 0
562 8 1100 0 24 -12851 1 60 0
563 8 742 0 -6 -12851 1 55 0
564 12 1100 742 -6 24 1 51 51
565 8 742 0 -24 -12851 0 55 0
566 12 1100 742 6 -24 1 51 51
567 8 903 0 6 -12851 1 55 0
568 8 903 0 -24 -12851 1 55 0
569 8 903 0 -6 -12851 1 60 0
570 8 903 0 24 -12851 1 60 0
571 8 500 0 24 -12851 1 60 0
572 12 500 742 -6 24 0 55 55
573 12 742 609 6 -24 1 55 55
574 12 742 1100 6 -24 0 51 51
575 12 1100 742 6 -24 1 51 51
576 12 742 1100 6 -24 1 51 55
577 12 500 742 -6 24 0 51 55
578 8 500 0 24 -12851 1 55 0
579 8 609 0 24 -12851 1 55 0
580 8 500 0 6 -12851 1 60 0
581 8 609 0 -6 -12851 1 60 0
582 8 742 0 -6 -12851 1 55 0
583 8 609 0 -24 -12851 1 55 0
584 12 1100 742 -6 24 1 55 55
585 8 903 0 24 -12851 1 60 0
586 8 903 0 -6 -12851 1 55 0
587 12 903 742 6 -24 1 55 51
588 12 609 742 -6 24 1 55 55
589 8 742 0 -24 -12851 1 60 0
590 8 1100 0 -6 -12851 1 55 0
591 8 1100 0 -6 -12851 1 60 0
592 12 903 742 6 -24 0 51 55
593 12 500 742 -6 24 1 55 55
594 8 1100 0 -24 -12851 1 55 0
595 8 742 0 24 -12851 0 60 0
596 8 742 0 24 -12851 0 55 0
597 8 742 0 24 -12851 0 60 0
598 8 903 0 -24 -12851 0 55 0
599 8 742 0 -6 -12851 1 55 0
600 8 903 0 24 -12851 1 55 0
601 12 742 500 -6 24 1 55 55
602 12 1100 742 -6 24 1 51 55
603 8 500 0 -24 -12851 0 60 0
604 12 1100 742 -6 24 0 55 51
605 8 500 0 -24 -12851 1 60 0
606 8 742 0 -6 -12851 0 55 0
607 12 1100 742 -6 24 0 51 55
608 12 903 742 6 -24 0 55 51
609 8 903 0 6 -12851 1 55 0
610 8 500 0 -24 -12851 0 60 0
611 8 609 0 -6 -12851 1 60 0
612 8 1100 0 -6 -12851 1 60 0
613 12 742 609 -6 24 0 55 55
614 8 1100 0 24 -12851 1 60 0
615 8 609 0 -24 -12851 1 55 0
616 8 1100 0 6 -12851 1 55 0
617 12 742 609 6 -24 1 55 55
618 12 609 742 6 -24 1 51 51
619 8 609 0 -24 -12851 1 55 0
620 8 742 0 24 -12851 1 55 0
621 8 742 0 -6 -12851 1 55 0
622 8 742 0 24 -12851 0 55 0
623 8 500 0 -24 -12851 0 55 0
624 12 903 742 6 -24 1 51 51
625 12 1100 742 6 -24 1 55 51
626 8 609 0 6 -12851 1 55 0
627 8 500 0 6 -12851 1 55 0
628 8 500 0 -24 -12851 0 60 0
629 8 1100 0 -6 -12851 1 60 0
630 8 903 0 -24 -12851 1 60 0
631 8 609 0 -24 -12851 1 55 0
632 12 500 742 6 -24 1 55 55
633 8 609 0 -6 -12851 1 60 0
634 12 500 742 -6 24 0 55 51
635 8 903 0 -24 -12851 1 60 0
636 8 1100 0 -24 -12851 1 55 0
637 12 609 742 6 -24 0 55 55
638 8 903 0 -6 -12851 0 55 0
639 8 742 0 24 -12851 1 60 0
640 8 1100 0 6 -12851 0 60 0
641 8 903 0 6 -12851 1 60 0
642 8 903 0 6 -12851 1 60 0
643 8 609 0 24 -12851 1 55 0
644 8 1100 0 -24 -12851 1 55 0
645 8 1100 0 -24 -12851 1 55 0
646 12 500 742 6 -24 1 55 55
647 12 742 903 -6 24 0 55 51
648 8 500 0 -6 -12851 0 60 0
649 8 742 0 24 -12851 1 55 0
650 8 609 0 -6 -12851 0 60 0
651 8 609 0 -6 -12851 1 55 0
652 12 742 609 6 -24 1 51 51
653 12 500 742 6 -24 1 51 55
654 8 1100 0 24 -12851 0 55 0
655 12 742 1100 -6 24 1 51 51
656 12 500 742 -6 24 1 55 51
657 8 742 0 24 -12851 1 60 0
658 8 500 0 -24 -12851 1 60 0
659 12 742 903 -6 24 0 51 51
660 12 742 500 -6 24 0 55 55
661 8 903 0 24 -12851 1 55 0
662 8 742 0 -24 -12851 1 60 0
663 12 742 500 -6 24 0 51 55
664 8 500 0 -6 -12851 0 55 0
665 12 742 903 -6 24 0 55 55
666 8 903 0 -6 -12851 1 55 0
667 12 500 742 -6 24 0 55 55
668 12 609 742 6 -24 1 51 55
669 8 1100 0 6 -12851 1 60 0
670 8 1100 0 24 -12851 0 60 0
671 8 1100 0 6 -12851 1 60 0
672 8 742 0 -6 -12851 0 60 0
673 12 742 609 -6 24 0 55 55
674 8 500 0 -24 -12851 0 60 0
675 8 609 0 6 -12851 1 55 0
676 8 903 0 -6 -12851 1 55 0
677 8 609 0 -6 -12851 1 60 0
678 8 903 0 -24 -12851 1 60 0
679 8 903 0 24 -12851 1 55 0
680 12 500 742 -6 24 0 55 51
681 12 903 742 -6 24 0 51 55
682 8 609 0 24 -12851 0 60 0
683 8 742 0 -6 -12851 0 60 0
684 12 903 742 -6 24 0 55 55
685 12 903 742 -6 24 0 55 55
686 8 742 0 -24 -12851 1 60 0
687 8 1100 0 -6 -12851 0 55 0
688 12 742 1100 6 -24 1 55 51
689 8 500 0 6 -12851 1 55 0
690 8 500 0 -6 -12851 0 55 0
691 8 903 0 24 -12851 1 55 0
692 8 903 0 6 -12851 1 60 0
693 8 903 0 -6 -12851 0 55 0
694 12 742 1100 -6 24 1 55 51
695 12 609 742 -6 24 1 51 51
696 12 500 742 6 -24 0 55 51
697 12 742 1100 6 -24 1 55 55
698 8 500 0 -24 -12851 1 55 0
699 8 500 0 -6 -12851 0 55 0
700 12 742 1100 6 -24 1 51 51
701 12 903 742 -6 24 1 51 51
702 8 500 0 -6 -12851 1 55 0
703 12 742 500 -6 24 0 55 51
704 12 609 742 -6 24 1 51 55
705 8 903 0 24 -12851 1 55 0
706 12 742 609 6 -24 0 51 55
707 8 1100 0 -24 -12851 0 60 0
708 8 742 0 6 -12851 1 55 0
709 8 742 0 6 -12851 1 60 0
710 12 742 1100 6 -24 1 55 51
711 12 500 742 6 -24 1 55 51
712 8 609 0 6 -12851 1 55 0
713 12 742 609 -6 24 0 51 55
714 8 742 0 -6 -12851 0 60 0
715 8 609 0 24 -12851 1 55 0
716 8 1100 0 6 -12851 0 60 0
717 12 742 1100 -6 24 0 55 55
718 12 742 903 6 -24 0 55 51
719 8 609 0 6 -12851 1 60 0
720 12 609 742 6 -24 1 55 51
721 8 1100 0 -6 -12851 1 60 0
722 8 742 0 -6 -12851 1 60 0
723 12 1100 742 -6 24 0 51 51
724 8 742 0 -6 -12851 1 60 0
725 8 609 0 6 -12851 1 55 0
726 8 903 0 -6 -12851 0 60 0
727 8 609 0 -24 -12851 1 55 0
728 12 1100 742 6 -24 0 51 55
729 12 742 1100 6 -24 1 55 51
730 12 742 500 6 -24 1 51 51
731 12 742 500 -6 24 0 55 55
732 8 742 0 24 -12851 0 60 0
733 8 742 0 -6 -12851 0 60 0
734 8 609 0 24 -12851 1 55 0
735 8 500 0 -24 -12851 1 55 0
736 12 742 903 -6 24 0 51 51
737 12 742 903 6 -24 0 51 55
738 12 500 742 -6 24 0 51 55
739 12 903 742 -6 24 1 51 55
740 12 1100 742 -6 24 1 55 55
741 8 1100 0 6 -12851 1 55 0
742 12 742 609 -6 24 1 51 51
743 8 500 0 24 -12851 1 60 0
744 12 1100 742 6 -24 1 51 55
745 12 500 742 -6 24 1 51 51
746 12 742 903 6 -24 1 51 51
747 8 1100 0 -6 -12851 1 60 0
748 12 742 500 6 -24 0 51 55
749 8 500 0 -24 -12851 1 55 0
750 12 742 500 6 -24 1 51 55
751 8 903 0 -24 -12851 0 60 0
752 8 1100 0 -6 -12851 0 55 0
753 8 903 0 -24 -12851 0 55 0
754 8 1100 0 -24 -12851 1 60 0
755 12 903 742 6 -24 1 51 55
756 8 1100 0 -6 -12851 1 60 0
757 12 742 609 6 -24 0 51 51
758 12 500 742 6 -24 0 55 51
759 12 903 742 6 -24 0 51 51
760 8 609 0 24 -12851 1 55 0
761 8 903 0 -6 -12851 1 55 0
762 12 742 609 6 -24 1 55 51
763 12 609 742 -6 24 1 51 51
764 8 742 0 -6 -12851 1 55 0
765 8 742 0 -24 -12851 0 55 0
766 8 742 0 24 -12851 1 55 0
767 8 609 0 6 -12851 1 55 0
768 12 742 500 6 -24 1 51 51
769 12 1100 742 6 -24 1 55 51
770 8 500 0 -24 -12851 1 60 0
771 12 742 903 -6 24 1 51 51
772 12 609 742 -6 24 1 55 55
773 8 500 0 24 -12851 1 55 0
774 12 500 742 -6 24 1 55 55
775 8 500 0 -24 -12851 1 60 0
776 8 1100 0 24 -12851 1 55 0
777 12 742 609 -6 24 0 55 55
778 8 1100 0 -6 -12851 1 60 0
779 8 609 0 6 -12851 1 55 0
780 8 903 0 -24 -12851 1 60 0
781 12 903 742 -6 24 1 51 51
782 12 609 742 6 -24 1 51 55
783 8 903 0 -6 -12851 1 60 0
784 12 609 742 -6 24 1 55 55
785 8 742 0 -24 -12851 0 55 0
786 12 1100 742 6 -24 1 51 51
787 12 742 609 6 -24 1 55 55
788 8 742 0 24 -12851 1 60 0
789 8 1100 0 -24 -12851 1 60 0
790 8 500 0 -24 -12851 1 60 0
791 8 1100 0 -24 -12851 0 60 0
792 8 1100 0 -24 -12851 0 55 0
793 12 1100 742 6 -24 1 51 51
794 12 903 742 6 -24 1 55 55
795 8 500 0 -24 -12851 0 60 0
796 12 500 742 -6 24 0 55 51
797 12 609 742 6 -24 1 55 55
798 12 742 500 -6 24 1 55 55
799 8 609 0 -24 -12851 0 55 0
800 12 500 742 6 -24 0 55 55
801 8 742 0 6 -12851 1 60 0
802 12 742 609 -6 24 0 55 51
803 8 500 0 24 -12851 0 60 0
804 8 609 0 -24 -12851 1 55 0
805 12 742 609 -6 24 0 55 55
806 8 903 0 24 -12851 1 60 0
807 8 609 0 -6 -12851 1 60 0
808 8 742 0 6 -12851 1 55 0
809 8 903 0 -24 -12851 1 60 0
810 8 903 0 24 -12851 1 55 0
811 12 742 1100 6 -24 1 51 51
812 8 903 0 6 -12851 1 60 0
813 8 903 0 -6 -12851 0 55 0
814 8 903 0 6 -12851 1 55 0
815 12 500 742 6 -24 1 51 51
816 8 903 0 -24 -12851 1 55 0
817 12 742 1100 -6 24 0 51 51
818 12 742 1100 6 -24 0 51 51
819 8 742 0 -6 -12851 0 60 0
820 12 742 1100 6 -24 1 51 55
821 12 742 609 -6 24 0 51 55
822 12 742 903 -6 24 0 51 51
823 8 609 0 -24 -12851 0 55 0
824 8 609 0 6 -12851 0 55 0
825 8 1100 0 6 -12851 0 60 0
826 8 500 0 -24 -12851 0 55 0
827 12 742 609 6 -24 0 51 51
828 8 609 0 24 -12851 1 55 0
829 8 1100 0 24 -12851 1 60 0
830 12 500 742 6 -24 1 55 51
831 8 500 0 -24 -12851 1 55 0
832 12 903 742 -6 24 0 51 51
833 12 742 1100 -6 24 1 55 55
834 8 742 0 24 -12851 1 60 0
835 8 742 0 -24 -12851 1 55 0
836 8 500 0 -24 -12851 1 55 0
837 12 742 609 6 -24 1 51 51
838 8 1100 0 -6 -12851 1 55 0
839 8 500 0 6 -12851 1 55 0
840 8 500 0 6 -12851 1 55 0
841 8 609 0 -24 -12851 0 55 0
842 8 742 0 -6 -12851 1 60 0
843 8 1100 0 -24 -12851 1 55 0
844 8 903 0 -24 -12851 0 55 0
845 8 903 0 -24 -12851 1 60 0
846 12 742 609 6 -24 1 55 51
847 8 500 0 -6 -12851 1 55 0
848 12 1100 742 6 -24 1 55 51
849 12 903 742 6 -24 1 51 51
850 12 742 500 6 -24 0 55 55
851 8 500 0 24 -12851 1 60 0
852 12 1100 742 -6 24 1 55 51
853 8 1100 0 -24 -12851 1 60 0
854 8 903 0 6 -12851 1 55 0
855 8 609 0 -24 -12851 1 55 0
856 8 1100 0 6 -12851 1 60 0
857 12 742 500 6 -24 0 55 51
858 8 742 0 -24 -12851 1 60 0
859 8 742 0 -6 -12851 1 60 0
860 12 742 500 6 -24 0 55 55
861 12 903 742 6 -24 1 51 51
862 12 609 742 -6 24 1 55 51
863 8 609 0 6 -12851 0 60 0
864 8 1100 0 24 -12851 1 60 0
865 12 609 742 6 -24 0 51 51
866 8 1100 0 24 -12851 0 55 0
867 8 609 0 6 -12851 1 55 0
868 12 903 742 -6 24 0 51 55
869 8 742 0 6 -12851 1 60 0
870 12 1100 742 -6 24 1 55 55
871 12 742 903 6 -24 1 55 51
872 8 609 0 6 -12851 1 55 0
873 12 1100 742 6 -24 1 51 51
874 12 742 500 -6 24 0 51 51
875 8 903 0 -6 -12851 0 55 0
876 8 742 0 6 -12851 1 55 0
877 12 742 500 -6 24 1 51 51
878 8 903 0 -24 -12851 0 55 0
879 12 742 903 -6 24 0 51 55
880 8 903 0 24 -12851 0 60 0
881 8 742 0 -24 -12851 0 60 0
882 8 500 0 24 -12851 0 55 0
883 8 609 0 -6 -12851 0 55 0
884 8 1100 0 24 -12851 1 55 0
885 12 742 903 -6 24 0 51 51
886 12 742 609 6 -24 1 51 51
887 8 1100 0 24 -12851 1 60 0
888 8 500 0 -24 -12851 1 60 0
889 8 500 0 -24 -12851 0 60 0
890 8 903 0 -24 -12851 1 55 0
891 8 903 0 -6 -12851 0 55 0
892 8 609 0 -6 -12851 0 55 0
893 12 609 742 6 -24 0 55 55
894 12 903 742 -6 24 0 55 55
895 8 1100 0 -6 -12851 1 55 0
896 12 742 609 6 -24 1 51 51
897 8 1100 0 -6 -12851 0 55 0
898 8 500 0 24 -12851 0 55 0
899 8 742 0 -6 -12851 1 60 0
900 12 742 609 -6 24 1 55 55
901 12 903 742 6 -24 0 55 55
902 8 609 0 -6 -12851 0 60 0
903 12 500 742 -6 24 0 55 51
904 8 609 0 24 -12851 1 55 0
905 8 1100 0 6 -12851 1 55 0
906 8 742 0 24 -12851 0 60 0
907 8 500 0 -24 -12851 1 60 0
908 8 903 0 -6 -12851 0 60 0
909 8 742 0 -24 -12851 1 60 0
910 12 903 742 6 -24 0 51 51
911 12 742 903 -6 24 0 51 51
912 12 742 903 -6 24 0 55 51
913 12 903 742 -6 24 1 55 51
914 12 742 500 -6 24 0 55 51
915 8 500 0 24 -12851 1 60 0
916 12 903 742 6 -24 0 51 55
917 12 742 1100 -6 24 1 55 55
918 12 742 903 -6 24 0 51 51
919 8 903 0 6 -12851 1 60 0
920 8 742 0 -6 -12851 1 60 0
921 12 500 742 -6 24 0 51 51
922 12 742 500 6 -24 1 51 51
923 8 742 0 6 -12851 0 60 0
924 12 742 903 6 -24 0 51 55
925 12 903 742 6 -24 1 51 55
926 12 742 903 -6 24 0 55 55
927 12 1100 742 -6 24 0 51 55
928 12 609 742 -6 24 0 55 55
929 8 500 0 24 -12851 1 55 0
930 12 742 500 6 -24 1 51 51
931 8 609 0 -6 -12851 1 60 0
932 8 500 0 -6 -12851 0 55 0
933 12 742 500 6 -24 1 51 55
934 8 742 0 24 -12851 0 60 0
935 12 742 1100 6 -24 1 51 51
936 8 500 0 6 -12851 1 60 0
937 12 742 1100 -6 24 1 51 55
938 8 903 0 -24 -12851 0 55 0
939 12 609 742 -6 24 1 51 55
940 12 903 742 -6 24 0 51 55
941 8 903 0 -24 -12851 1 60 0
942 12 903 742 6 -24 0 51 55
943 12 742 500 6 -24 0 55 55
944 8 609 0 -6 -12851 1 60 0
945 8 1100 0 6 -12851 1 60 0
946 12 742 500 -6 24 0 51 51
947 8 742 0 -24 -12851 1 60 0
948 12 1100 742 6 -24 0 55 55
949 12 609 742 6 -24 0 55 51
950 12 742 1100 6 -24 1 55 55
951 12 742 1100 6 -24 1 51 51
952 8 903 0 6 -12851 1 60 0
953 8 1100 0 -24 -12851 1 60 0
954 8 1100 0 -6 -12851 1 60 0
955 12 742 1100 -6 24 1 55 51
956 8 609 0 24 -12851 1 60 0
957 8 500 0 -24 -12851 0 55 0
958 8 500 0 24 -12851 1 55 0
959 12 609 742 -6 24 0 51 51
960 8 903 0 -6 -12851 1 55 0
961 12 500 742 6 -24 0 51 55
962 8 500 0 6 -12851 1 55 0
963 8 609 0 -6 -12851 1 55 0
964 8 609 0 6 -12851 1 55 0
965 8 742 0 24 -12851 0 55 0
966 12 500 742 -6 24 1 51 51
967 8 1100 0 6 -12851 1 55 0
968 8 1100 0 6 -12851 1 55 0
969 8 609 0 24 -12851 1 60 0
970 8 500 0 24 -12851 1 60 0
971 8 1100 0 -24 -12851 1 60 0
972 12 742 609 -6 24 0 51 51
973 8 742 0 -6 -12851 0 60 0
974 8 742 0 24 -12851 1 55 0
975 12 742 609 -6 24 0 55 55
976 8 903 0 -24 -12851 0 55 0
977 8 903 0 -6 -12851 1 60 0
978 8 903 0 -24 -12851 1 55 0
979 8 903 0 6 -12851 1 55 0
980 8 903 0 24 -12851 0 55 0
981 8 500 0 -6 -12851 1 60 0
982 8 1100 0 -24 -12851 1 55 0
983 8 1100 0 6 -12851 1 55 0
984 8 500 0 6 -12851 1 60 0
985 12 500 742 -6 24 0 51 51
986 12 742 609 -6 24 0 55 55
987 8 609 0 -6 -12851 1 55 0
988 8 1100 0 6 -12851 1 55 0
989 8 903 0 -24 -12851 0 55 0
990 12 500 742 6 -24 0 51 55
991 8 742 0 24 -12851 0 60 0
992 8 500 0 -6 -12851 0 60 0
993 8 742 0 6 -12851 1 55 0
994 8 742 0 6 -12851 1 55 0
995 8 609 0 -6 -12851 1 60 0
996 12 609 742 6 -24 0 51 55
997 12 742 1100 6 -24 0 51 51
998 12 609 742 -6 24 0 55 51
999 8 609 0 24 -12851 1 60 0
1000 8 1100 0 -24 -12851 1 55 0
1001 8 1100 0 -6 -12851 1 60 0
1002 12 742 1100 6 -24 0 55 55
1003 12 742 1100 6 -24 1 51 51
1004 8 609 0 -24 -12851 1 55 0
1005 8 742 0 -6 -12851 1 55 0
1006 12 742 500 -6 24 0 55 51
1007 8 609 0 -24 -12851 1 60 0
1008 8 903 0 6 -12851 1 60 0
1009 12 742 609 6 -24 1 51 55
1010 8 742 0 24 -12851 1 60 0
1011 8 903 0 24 -12851 1 55 0
1012 12 742 903 -6 24 0 55 51
1013 12 903 742 -6 24 0 51 55
1014 8 903 0 -24 -12851 0 55 0
1015 8 742 0 6 -12851 1 60 0
1016 12 742 609 -6 24 0 55 51
1017 8 500 0 24 -12851 1 55 0
1018 12 742 500 6 -24 1 51 51
1019 12 742 1100 6 -24 1 51 51
1020 8 609 0 24 -12851 1 60 0
1021 8 1100 0 -24 -12851 0 55 0
1022 12 742 1100 -6 24 0 55 51
1023 12 609 742 -6 24 0 55 55
1024 8 1100 0 24 -12851 1 55 0
1025 8 500 0 -24 -12851 1 60 0
1026 8 500 0 6 -12851 1 60 0
1027 12 903 742 -6 24 0 55 55
1028 12 742 609 6 -24 0 55 51
1029 8 1100 0 -24 -12851 1 60 0
1030 8 1100 0 -24 -12851 0 55 0
1031 12 742 1100 -6 24 0 55 55
1032 12 1100 742 -6 24 0 51 51
1033 8 742 0 -24 -12851 1 60 0
1034 12 742 609 -6 24 0 51 51
1035 8 742 0 24 -12851 1 55 0
1036 8 1100 0 -24 -12851 1 55 0
1037 12 1100 742 -6 24 0 55 51
1038 12 742 1100 -6 24 0 51 55
1039 8 742 0 -24 -12851 1 60 0
1040 12 742 609 -6 24 0 55 55
1041 8 903 0 -6 -12851 0 60 0
1042 12 742 903 6 -24 0 51 55
1043 8 903 0 -24 -12851 1 55 0
1044 8 500 0 -6 -12851 1 60 0
1045 8 609 0 -24 -12851 1 55 0
1046 8 500 0 6 -12851 0 60 0
1047 8 609 0 6 -12851 1 60 0
1048 8 500 0 -24 -12851 0 60 0
1049 8 609 0 -24 -12851 1 55 0
1050 12 742 903 6 -24 0 55 55
1051 8 903 0 -6 -12851 0 60 0
1052 8 1100 0 -24 -12851 1 55 0
1053 8 1100 0 24 -12851 1 55 0
1054 12 742 1100 6 -24 1 55 55
1055 8 1100 0 -24 -12851 1 60 0
1056 8 500 0 -6 -12851 0 60 0
1057 12 742 1100 -6 24 1 55 51
1058 8 609 0 24 -12851 1 55 0
1059 8 609 0 24 -12851 0 55 0
1060 12 742 903 -6 24 0 51 51
1061 8 742 0 24 -12851 0 55 0
1062 8 500 0 24 -12851 1 60 0
1063 12 742 500 6 -24 1 55 55
1064 8 500 0 24 -12851 0 60 0
1065 12 609 742 -6 24 0 55 55
1066 12 742 903 6 -24 0 55 55
1067 12 742 903 6 -24 0 51 55
1068 8 1100 0 24 -12851 1 55 0
1069 8 742 0 -24 -12851 1 60 0
1070 12 903 742 -6 24 0 55 51
1071 12 742 609 -6 24 0 55 51
1072 8 609 0 -24 -12851 0 55 0
1073 8 903 0 -24 -12851 0 60 0
1074 8 742 0 6 -12851 0 55 0
1075 8 1100 0 -24 -12851 0 60 0
1076 8 903 0 -6 -12851 0 60 0
1077 8 903 0 24 -12851 0 55 0
1078 8 500 0 24 -12851 0 60 0
1079 12 742 903 -6 24 0 51 51
1080 12 609 742 6 -24 0 51 51
1081 8 500 0 6 -12851 1 55 0
1082 8 903 0 -6 -12851 1 55 0
1083 8 903 0 6 -12851 1 55 0
1084 12 742 1100 6 -24 1 51 51
1085 8 609 0 -6 -12851 1 60 0
1086 8 609 0 24 -12851 1 55 0
1087 12 1100 742 6 -24 0 51 55
1088 8 609 0 6 -12851 0 55 0
1089 8 903 0 24 -12851 0 60 0
1090 8 742 0 24 -12851 1 55 0
1091 12 742 500 -6 24 0 55 55
1092 12 742 903 -6 24 0 51 51
1093 12 903 742 6 -24 0 55 55
1094 8 500 0 24 -12851 0 55 0
1095 8 1100 0 -6 -12851 0 55 0
1096 8 1100 0 -6 -12851 0 55 0
1097 8 1100 0 6 -12851 1 55 0
1098 12 609 742 -6 24 0 51 55
1099 12 903 742 -6 24 1 51 51
1100 8 500 0 -24 -12851 1 60 0
1101 12 742 903 -6 24 1 55 55
1102 8 742 0 -24 -12851 1 60 0
1103 8 742 0 -6 -12851 0 55 0
1104 8 609 0 24 -12851 1 55 0
1105 8 609 0 24 -12851 1 55 0
1106 8 1100 0 -6 -12851 0 60 0
1107 8 609 0 -24 -12851 1 55 0
1108 8 903 0 -24 -12851 0 60 0
1109 8 903 0 6 -12851 1 55 0
1110 8 500 0 6 -12851 0 55 0
1111 8 903 0 24 -12851 0 60 0
1112 12 500 742 6 -24 0 55 55
1113 8 609 0 24 -12851 1 55 0
1114 12 903 742 6 -24 1 55 55
1115 12 742 500 -6 24 0 55 55
1116 8 500 0 6 -12851 1 60 0
1117 12 1100 742 6 -24 0 55 55
1118 8 1100 0 -6 -12851 0 60 0
1119 12 500 742 -6 24 1 55 55
1120 8 500 0 -6 -12851 1 55 0
1121 12 903 742 6 -24 0 51 55
1122 8 742 0 -24 -12851 0 60 0
1123 12 609 742 6 -24 1 51 55
1124 12 742 500 6 -24 1 51 55
1125 8 742 0 -24 -12851 1 60 0
1126 8 742 0 -6 -12851 1 55 0
1127 8 1100 0 -24 -12851 1 60 0
1128 8 742 0 -6 -12851 0 55 0
1129 12 742 500 6 -24 1 55 55
1130 12 742 500 -6 24 0 55 51
1131 8 742 0 6 -12851 0 55 0
1132 8 742 0 -24 -12851 0 55 0
1133 12 903 742 6 -24 0 51 51
1134 12 500 742 -6 24 1 51 51
1135 8 500 0 24 -12851 0 60 0
1136 8 609 0 24 -12851 0 60 0
1137 12 903 742 6 -24 0 55 55
1138 8 500 0 -6 -12851 1 60 0
1139 8 500 0 -6 -12851 1 55 0
1140 8 1100 0 -24 -12851 0 60 0
1141 12 742 609 -6 24 0 55 55
1142 8 903 0 -24 -12851 0 55 0
1143 8 609 0 24 -12851 0 55 0
1144 12 742 903 6 -24 0 55 55
1145 8 609 0 -24 -12851 1 55 0
1146 12 1100 742 -6 24 0 55 55
1147 8 903 0 -24 -12851 0 55 0
1148 8 1100 0 6 -12851 0 55 0
1149 8 903 0 -6 -12851 1 55 0
1150 8 742 0 -24 -12851 1 55 0
1151 12 742 903 -6 24 0 55 55
1152 12 742 1100 -6 24 0 55 51
1153 12 500 742 -6 24 0 55 51
1154 12 742 609 6 -24 0 51 51
1155 12 1100 742 6 -24 0 55 51
1156 8 1100 0 24 -12851 1 55 0
1157 8 609 0 6 -12851 1 60 0
1158 8 609 0 -24 -12851 1 60 0
1159 12 742 903 6 -24 0 55 51
1160 12 742 609 6 -24 1 51 55
1161 8 1100 0 6 -12851 0 55 0
1162 8 500 0 24 -12851 1 55 0
1163 12 742 903 -6 24 1 55 55
1164 12 742 500 6 -24 0 51 51
1165 8 500 0 24 -12851 0 60 0
1166 12 609 742 -6 24 0 51 51
1167 12 903 742 -6 24 0 51 55
1168 8 742 0 6 -12851 0 60 0
1169 12 742 1100 6 -24 0 55 51
1170 8 1100 0 -24 -12851 0 55 0
1171 12 903 742 -6 24 0 55 55
1172 8 500 0 -24 -12851 0 60 0
1173 8 609 0 -6 -12851 0 55 0
1174 8 903 0 24 -12851 0 60 0
1175 12 500 742 -6 24 1 55 55
1176 12 609 742 -6 24 0 55 51
1177 12 1100 742 6 -24 0 51 51
1178 8 609 0 6 -12851 1 55 0
1179 12 742 903 -6 24 0 55 55
1180 12 1100 742 6 -24 0 51 51
1181 8 903 0 -24 -12851 0 55 0
1182 12 742 500 6 -24 1 51 55
1183 8 1100 0 24 -12851 1 55 0
1184 8 742 0 24 -12851 1 60 0
1185 12 742 500 6 -24 1 51 55
1186 8 742 0 -6 -12851 0 55 0
1187 8 903 0 -6 -12851 1 60 0
1188 8 903 0 6 -12851 1 55 0
1189 8 903 0 6 -12851 0 55 0
1190 8 609 0 24 -12851 0 60 0
1191 12 742 903 -6 24 0 55 51
1192 8 903 0 -24 -12851 0 55 0
1193 8 500 0 6 -12851 0 55 0
1194 8 609 0 24 -12851 0 55 0
1195 8 609 0 6 -12851 0 60 0
1196 8 742 0 -24 -12851 1 60 0
1197 12 742 903 6 -24 0 55 51
1198 8 500 0 -24 -12851 0 55 0
1199 12 742 1100 -6 24 0 55 55
1200 8 1100 0 24 -12851 0 55 0
1201 8 903 0 -24 -12851 0 55 0
1202 12 903 742 -6 24 0 51 55
1203 12 742 500 6 -24 0 55 55
1204 12 1100 742 -6 24 0 51 51
1205 8 1100 0 6 -12851 1 60 0
1206 8 500 0 -6 -12851 0 55 0
1207 12 903 742 6 -24 0 51 51
1208 8 742 0 6 -12851 0 55 0
1209 12 742 1100 6 -24 0 51 51
1210 12 742 1100 6 -24 0 51 55
1211 12 1100 742 -6 24 0 51 51
1212 12 742 1100 6 -24 0 51 55
1213 8 742 0 24 -12851 0 55 0
1214 12 742 609 6 -24 0 55 55
1215 12 742 500 -6 24 0 51 55
1216 8 1100 0 24 -12851 0 55 0
1217 8 742 0 6 -12851 0 60 0
1218 8 742 0 -6 -12851 0 60 0
1219 12 742 500 -6 24 0 55 55
1220 12 742 903 -6 24 0 51 51
1221 12 903 742 -6 24 0 51 55
1222 8 609 0 6 -12851 0 55 0
1223 12 903 742 6 -24 0 55 55
1224 12 609 742 -6 24 0 51 51
1225 12 1100 742 -6 24 0 55 55
1226 12 742 903 6 -24 0 55 55
1227 8 903 0 6 -12851 0 60 0
1228 12 500 742 6 -24 0 55 55
1229 12 742 500 -6 24 0 55 51
1230 12 609 742 6 -24 0 51 51
1231 8 500 0 -24 -12851 0 60 0
1232 8 609 0 -6 -12851 0 60 0
1233 8 742 0 6 -12851 0 60 0
1234 12 903 742 6 -24 0 51 55
1235 12 1100 742 -6 24 0 51 51
1236 8 500 0 24 -12851 0 55 0
1237 8 609 0 24 -12851 0 55 0
1238 12 742 609 6 -24 0 55 51
1239 12 742 1100 6 -24 0 55 55
1240 8 1100 0 -6 -12851 0 55 0
1241 8 742 0 -24 -12851 0 55 0
1242 8 500 0 6 -12851 0 60 0
1243 12 903 742 6 -24 0 55 51
1244 8 1100 0 24 -12851 0 60 0
1245 8 903 0 -6 -12851 0 55 0
1246 8 1100 0 6 -12851 0 55 0
1247 8 903 0 6 -12851 0 60 0
1248 12 1100 742 -6 24 0 55 55
1249 12 500 742 -6 24 0 51 51
1250 8 500 0 -24 -12851 0 55 0
1251 8 500 0 6 -12851 0 55 0
1252 8 903 0 6 -12851 0 60 0
1253 8 500 0 6 -12851 0 55 0
1254 12 500 742 6 -24 0 51 55
1255 12 500 742 6 -24 0 51 51
1256 8 903 0 24 -12851 0 55 0
1257 12 742 1100 -6 24 0 55 51
1258 8 742 0 -6 -12851 0 55 0
1259 12 1100 742 6 -24 0 51 51
1260 12 1100 742 6 -24 0 55 51
1261 8 1100 0 -24 -12851 0 55 0
1262 8 903 0 -24 -12851 0 55 0
1263 12 903 742 6 -24 0 55 51
1264 8 500 0 -24 -12851 0 55 0
1265 12 742 609 -6 24 0 51 51
1266 12 742 500 -6 24 0 51 55
1267 8 742 0 24 -12851 0 60 0
1268 8 1100 0 -24 -12851 0 60 0
1269 8 1100 0 -24 -12851 0 60 0
1270 8 742 0 -24 -12851 0 55 0
1271 8 609 0 -6 -12851 0 60 0
1272 12 742 1100 -6 24 0 51 51
1273 12 742 609 -6 24 0 51 55
1274 12 742 1100 6 -24 0 51 51
1275 8 609 0 6 -12851 0 55 0
1276 8 609 0 6 -12851 0 60 0
1277 8 742 0 -24 -12851 0 60 0
1278 12 609 742 6 -24 0 51 55
1279 12 1100 742 6 -24 0 51 55
1280 12 1100 742 6 -24 0 51 55
1281 12 742 903 6 -24 0 55 55
1282 8 742 0 -6 -12851 0 55 0
1283 12 742 903 6 -24 0 51 51
1284 8 1100 0 -24 -12851 0 60 0
1285 8 500 0 -6 -12851 0 60 0
1286 8 609 0 -24 -12851 0 55 0
1287 8 742 0 24 -12851 0 60 0
1288 12 742 1100 6 -24 0 51 55
1289 8 609 0 -24 -12851 0 60 0
1290 8 609 0 24 -12851 0 55 0
1291 8 742 0 -6 -12851 0 60 0
1292 8 1100 0 6 -12851 0 60 0
1293 8 903 0 6 -12851 0 55 0
1294 12 500 742 6 -24 0 55 55
1295 12 742 500 -6 24 0 51 55
1296 8 903 0 24 -12851 0 60 0
1297 8 903 0 -6 -12851 0 60 0
1298 8 500 0 24 -12851 0 60 0
1299 8 1100 0 24 -12851 0 55 0
1300 8 500 0 -24 -12851 0 55 0
1301 12 742 609 6 -24 0 51 51
1302 12 500 742 6 -24 0 55 55
1303 8 1100 0 24 -12851 0 60 0
1304 8 1100 0 6 -12851 0 55 0
1305 8 500 0 -24 -12851 0 55 0
1306 12 742 500 6 -24 0 51 51
1307 8 609 0 6 -12851 0 60 0
1308 12 742 500 6 -24 0 55 55
1309 8 742 0 -6 -12851 0 60 0
1310 8 742 0 6 -12851 0 55 0
1311 12 903 742 6 -24 0 51 51
1312 8 742 0 24 -12851 0 60 0
1313 12 742 500 -6 24 0 51 51
1314 8 1100 0 -24 -12851 0 60 0
1315 12 609 742 6 -24 0 55 55
1316 8 1100 0 6 -12851 0 55 0
1317 12 742 609 -6 24 0 51 55
1318 8 500 0 -6 -12851 0 55 0
1319 12 742 1100 6 -24 0 51 55
1320 8 903 0 -24 -12851 0 60 0
1321 8 609 0 24 -12851 0 55 0
1322 8 500 0 -6 -12851 0 60 0
1323 8 903 0 -24 -12851 0 55 0
1324 12 742 1100 6 -24 0 55 55
1325 8 609 0 6 -12851 0 60 0
1326 8 903 0 -6 -12851 0 55 0
1327 8 1100 0 -6 -12851 0 55 0
1328 12 742 903 6 -24 0 55 51
1329 12 742 609 6 -24 0 55 55
1330 12 500 742 -6 24 0 55 55
1331 8 1100 0 24 -12851 0 55 0
1332 8 903 0 24 -12851 0 60 0
1333 8 609 0 -24 -12851 0 55 0
1334 8 742 0 -24 -12851 0 60 0
1335 8 903 0 24 -12851 0 60 0
1336 12 742 609 6 -24 0 55 51
1337 12 500 742 6 -24 0 55 55
1338 12 903 742 -6 24 0 51 51
1339 12 1100 742 6 -24 0 51 51
1340 12 903 742 -6 24 0 51 51
1341 8 500 0 6 -12851 0 55 0
1342 12 903 742 6 -24 0 55 55
1343 12 609 742 6 -24 0 55 51
1344 8 1100 0 -6 -12851 0 55 0
1345 8 742 0 -24 -12851 0 55 0
1346 12 742 609 6 -24 0 55 55
1347 8 742 0 6 -12851 0 55 0
1348 8 903 0 6 -12851 0 60 0
1349 12 742 500 6 -24 0 51 51
1350 8 1100 0 24 -12851 0 55 0
1351 8 500 0 24 -12851 0 60 0
1352 12 742 903 -6 24 0 51 51
1353 12 903 742 -6 24 0 51 51
1354 8 609 0 -24 -12851 0 55 0
1355 8 609 0 -24 -12851 0 60 0
1356 12 903 742 -6 24 0 55 55
1357 8 500 0 6 -12851 0 60 0
1358 12 742 500 -6 24 0 51 55
1359 8 903 0 6 -12851 0 60 0
1360 8 903 0 -6 -12851 0 55 0
1361 8 609 0 -6 -12851 0 55 0
1362 8 1100 0 -24 -12851 0 55 0
1363 8 1100 0 -24 -12851 0 60 0
1364 12 742 1100 -6 24 0 51 55
1365 12 742 500 -6 24 0 55 55
1366 8 500 0 -24 -12851 0 60 0
1367 12 742 500 6 -24 0 55 51
1368 8 742 0 6 -12851 0 60 0
1369 8 609 0 24 -12851 0 55 0
1370 12 500 742 6 -24 0 55 55
1371 12 742 500 6 -24 0 55 51
1372 8 609 0 -6 -12851 0 60 0
1373 12 500 742 -6 24 0 51 51
1374 8 1100 0 -6 -12851 0 60 0
1375 12 500 742 -6 24 0 55 51
1376 12 742 903 6 -24 0 51 55
1377 8 742 0 -6 -12851 0 55 0
1378 12 903 742 -6 24 0 55 51
1379 8 500 0 -24 -12851 0 55 0
1380 12 742 1100 -6 24 0 51 55
1381 8 903 0 24 -12851 0 55 0
1382 8 742 0 -6 -12851 0 60 0
1383 8 500 0 -24 -12851 0 55 0
1384 12 609 742 6 -24 0 55 51
1385 8 903 0 -6 -12851 0 60 0
1386 12 742 500 6 -24 0 55 51
1387 8 500 0 6 -12851 0 55 0
1388 8 500 0 -6 -12851 0 55 0
1389 8 742 0 24 -12851 0 60 0
1390 8 500 0 6 -12851 0 60 0
1391 8 742 0 6 -12851 0 55 0
1392 8 903 0 24 -12851 0 60 0
1393 8 500 0 -24 -12851 0 55 0
1394 8 903 0 24 -12851 0 55 0
1395 8 903 0 6 -12851 0 55 0
1396 8 742 0 24 -12851 0 60 0
1397 12 742 609 6 -24 0 55 51
1398 8 1100 0 -6 -12851 0 55 0
1399 12 742 500 6 -24 0 55 55
1400 12 1100 742 6 -24 0 55 55
1401 12 742 903 -6 24 0 55 51
1402 8 1100 0 -6 -12851 0 55 0
1403 12 903 742 6 -24 0 55 55
1404 12 903 742 6 -24 0 51 55
1405 12 500 742 6 -24 0 51 51
1406 12 742 1100 -6 24 0 51 51
1407 12 742 1100 -6 24 0 55 51
1408 8 609 0 -24 -12851 0 55 0
1409 12 500 742 -6 24 0 51 51
1410 8 609 0 24 -12851 0 55 0
1411 12 742 609 6 -24 0 51 51
1412 12 500 742 -6 24 0 55 51
1413 8 609 0 -24 -12851 0 55 0
1414 8 1100 0 -6 -12851 0 60 0
1415 8 1100 0 -6 -12851 0 60 0
1416 12 609 742 -6 24 0 51 51
1417 8 1100 0 24 -12851 0 55 0
1418 12 742 903 -6 24 0 55 55
1419 12 742 500 6 -24 0 51 51
1420 12 742 609 6 -24 0 51 51
1421 8 903 0 -24 -12851 0 55 0
1422 8 742 0 6 -12851 0 60 0
1423 8 742 0 6 -12851 0 55 0
1424 12 742 500 6 -24 0 51 51
1425 12 742 609 6 -24 0 55 51
1426 8 903 0 24 -12851 0 55 0
1427 12 742 609 -6 24 0 55 55
1428 8 609 0 6 -12851 0 55 0
1429 8 742 0 -24 -12851 0 60 0
1430 12 742 1100 6 -24 0 55 51
1431 12 903 742 6 -24 0 51 51
1432 8 500 0 6 -12851 0 55 0
1433 12 742 500 -6 24 0 51 51
1434 8 500 0 -6 -12851 0 60 0
1435 8 1100 0 6 -12851 0 55 0
1436 8 609 0 -24 -12851 0 60 0
1437 8 609 0 -6 -12851 0 55 0
1438 8 1100 0 -6 -12851 0 60 0
1439 8 903 0 24 -12851 0 60 0
1440 8 500 0 24 -12851 0 60 0
1441 8 609 0 6 -12851 0 55 0
1442 12 1100 742 6 -24 1 51 51
1443 8 609 0 -24 -12851 0 55 0
1444 12 1100 742 6 -24 0 51 55
1445 8 903 0 24 -12851 0 60 0
1446 8 500 0 24 -12851 0 55 0
1447 8 742 0 -24 -12851 0 55 0
1448 8 500 0 6 -12851 0 60 0
1449 12 609 742 -6 24 0 51 51
1450 8 742 0 -6 -12851 0 60 0
1451 8 609 0 -24 -12851 0 55 0
1452 8 903 0 24 -12851 0 55 0
1453 8 742 0 -24 -12851 0 60 0
1454 12 903 742 -6 24 0 55 51
1455 8 500 0 -24 -12851 0 55 0
1456 8 903 0 -24 -12851 0 60 0
1457 8 1100 0 24 -12851 0 55 0
1458 8 1100 0 6 -12851 0 60 0
1459 12 500 742 -6 24 0 55 55
1460 12 742 500 6 -24 0 51 51
1461 8 1100 0 6 -12851 0 60 0
1462 8 609 0 -24 -12851 0 60 0
1463 8 1100 0 24 -12851 0 55 0
1464 12 903 742 6 -24 0 55 51
1465 8 1100 0 24 -12851 0 55 0
1466 8 903 0 6 -12851 0 60 0
1467 8 609 0 6 -12851 0 60 0
1468 8 742 0 24 -12851 0 55 0
1469 8 1100 0 -6 -12851 0 55 0
1470 12 742 609 -6 24 0 55 51
1471 8 742 0 -24 -12851 0 60 0
1472 8 609 0 -6 -12851 0 60 0
1473 12 1100 742 -6 24 0 55 55
1474 12 500 742 -6 24 0 51 51
1475 8 903 0 24 -12851 0 60 0
1476 12 1100 742 6 -24 0 51 51
1477 8 1100 0 -6 -12851 0 60 0
1478 8 742 0 -24 -12851 0 55 0
1479 12 742 1100 -6 24 0 51 51
1480 8 609 0 24 -12851 0 55 0
1481 8 500 0 24 -12851 0 60 0
1482 12 742 1100 -6 24 0 55 51
1483 8 903 0 24 -12851 0 60 0
1484 12 609 742 -6 24 0 51 55
1485 12 742 903 6 -24 0 51 51
1486 8 500 0 24 -12851 0 55 0
1487 8 500 0 -24 -12851 0 55 0
1488 12 609 742 6 -24 0 51 51
1489 8 1100 0 6 -12851 0 60 0
1490 12 742 1100 -6 24 0 55 51
1491 12 500 742 -6 24 0 51 51
1492 8 1100 0 -24 -12851 0 55 0
1493 8 500 0 24 -12851 0 60 0
1494 8 609 0 24 -12851 0 55 0
1495 8 609 0 -24 -12851 0 55 0
1496 8 742 0 -6 -12851 0 55 0
1 0 0 0 -12851 -12851 0 0 0
2 0 0 0 -12851 -12851 0 0 0
3 0 0 0 -12851 -12851 0 0 0
4 0 0 0 -12851 -12851 0 0 0
5 0 0 0 -12851 -12851 0 0 0
6 0 0 0 -12851 -12851 0 0 0
7 0 0 0 -12851 -12851 0 0 0
8 0 0 0 -12851 -12851 0 0 0
9 0 0 0 -12851 -12851 0 0 0
